1,1,1,1990,,,721806
2,2,1,1990,,,113903
3,3,1,1990,,,639853
4,4,1,1990,,,436286
5,5,1,1990,,,4950474
6,6,1,1990,,,574213
7,7,1,1990,,,469123
8,8,1,1990,,,99658
9,9,1,1990,,,1861592
10,10,1,1990,,,1151687
11,11,1,1990,,,171708
12,12,1,1990,,,220840
13,13,1,1990,,,1821407
14,14,1,1990,,,954525
15,15,1,1990,,,483652
16,16,1,1990,,,437034
17,17,1,1990,,,636401
18,18,1,1990,,,784757
19,19,1,1990,,,215149
20,20,1,1990,,,715176
21,21,1,1990,,,834314
22,22,1,1990,,,1584431
23,23,1,1990,,,756374
24,24,1,1990,,,502417
25,25,1,1990,,,816558
26,26,1,1990,,,152974
27,27,1,1990,,,274081
28,28,1,1990,,,201316
29,29,1,1990,,,172785
30,30,1,1990,,,1089646
31,31,1,1990,,,301881
32,32,1,1990,,,2598337
33,33,1,1990,,,1086871
34,34,1,1990,,,117825
35,35,1,1990,,,1771089
36,36,1,1990,,,579087
37,37,1,1990,,,472394
38,38,1,1990,,,1667834
39,39,1,1990,,,138813
40,40,1,1990,,,622112
41,41,1,1990,,,129164
42,42,1,1990,,,824595
43,43,1,1990,,,3382887
44,44,1,1990,,,446652
45,45,1,1990,,,95762
46,46,1,1990,,,998601
47,47,1,1990,,,839709
48,48,1,1990,,,322389
49,49,1,1990,,,797621
50,50,1,1990,,,98226
51,1,1,2000,,,739992
52,2,1,2000,,,133356
53,3,1,2000,,,877696
54,4,1,2000,,,449959
55,5,1,2000,,,6140814
56,6,1,2000,,,724508
57,7,1,2000,,,562179
58,8,1,2000,,,114676
59,9,1,2000,,,2434821
60,10,1,2000,,,1444937
61,11,1,2000,,,184360
62,12,1,2000,,,245117
63,13,1,2000,,,2048792
64,14,1,2000,,,989267
65,15,1,2000,,,495080
66,16,1,2000,,,470610
67,17,1,2000,,,665850
68,18,1,2000,,,743089
69,19,1,2000,,,207037
70,20,1,2000,,,852920
71,21,1,2000,,,975150
72,22,1,2000,,,1720626
73,23,1,2000,,,854340
74,24,1,2000,,,497871
75,25,1,2000,,,912744
76,26,1,2000,,,154875
77,27,1,2000,,,286199
78,28,1,2000,,,340706
79,29,1,2000,,,208461
80,30,1,2000,,,1313405
81,31,1,2000,,,320306
82,32,1,2000,,,2882188
83,33,1,2000,,,1293638
84,34,1,2000,,,109201
85,35,1,2000,,,1835049
86,36,1,2000,,,623110
87,37,1,2000,,,546231
88,38,1,2000,,,1814311
89,39,1,2000,,,157347
90,40,1,2000,,,677411
91,41,1,2000,,,128603
92,42,1,2000,,,909161
93,43,1,2000,,,4059619
94,44,1,2000,,,481485
95,45,1,2000,,,102049
96,46,1,2000,,,1144915
97,47,1,2000,,,1004770
98,48,1,2000,,,286367
99,49,1,2000,,,879476
100,50,1,2000,,,89940
101,1,1,2008,,,745668
102,2,1,2008,,,130662
103,3,1,2008,,,1087817
104,4,1,2008,,,478965
105,5,1,2008,,,6322528
106,6,1,2008,,,818443
107,7,1,2008,,,567198
108,8,1,2008,,,125430
109,9,1,2008,,,2631020
110,10,1,2008,,,1655792
111,11,1,2008,,,179478
112,12,1,2008,,,275051
113,13,1,2008,,,2119707
114,14,1,2008,,,1046147
115,15,1,2008,,,487559
116,16,1,2008,,,471060
117,17,1,2008,,,670030
118,18,1,2008,,,684873
119,19,1,2008,,,192935
120,20,1,2008,,,843861
121,21,1,2008,,,958910
122,22,1,2008,,,1659921
123,23,1,2008,,,836048
124,24,1,2008,,,491962
125,25,1,2008,,,917871
126,26,1,2008,,,141899
127,27,1,2008,,,292590
128,28,1,2008,,,433371
129,29,1,2008,,,197934
130,30,1,2008,,,1381420
131,31,1,2008,,,330245
132,32,1,2008,,,2740592
133,33,1,2008,,,1488645
134,34,1,2008,,,94728
135,35,1,2008,,,1817163
136,36,1,2008,,,645108
137,37,1,2008,,,575393
138,38,1,2008,,,1775029
139,39,1,2008,,,145342
140,40,1,2008,,,718113
141,41,1,2008,,,126429
142,42,1,2008,,,971950
143,43,1,2008,,,4752148
144,44,1,2008,,,559778
145,45,1,2008,,,93625
146,46,1,2008,,,1235795
147,47,1,2008,,,1037018
148,48,1,2008,,,282729
149,49,1,2008,,,873750
150,50,1,2008,,,87161
151,1,1,2009,,,748889
152,2,1,2009,,,131661
153,3,1,2009,,,1077831
154,4,1,2009,,,480559
155,5,1,2009,,,6263438
156,6,1,2009,,,832368
157,7,1,2009,,,563968
158,8,1,2009,,,126801
159,9,1,2009,,,2634522
160,10,1,2009,,,1667685
161,11,1,2009,,,180196
162,12,1,2009,,,276299
163,13,1,2009,,,2104175
164,14,1,2009,,,1046661
165,15,1,2009,,,491842
166,16,1,2009,,,474489
167,17,1,2009,,,680089
168,18,1,2009,,,690915
169,19,1,2009,,,189225
170,20,1,2009,,,848412
171,21,1,2009,,,957053
172,22,1,2009,,,1649082
173,23,1,2009,,,837053
174,24,1,2009,,,492481
175,25,1,2009,,,917982
176,26,1,2009,,,141807
177,27,1,2009,,,295368
178,28,1,2009,,,428947
179,29,1,2009,,,197140
180,30,1,2009,,,1396029
181,31,1,2009,,,334419
182,32,1,2009,,,2766052
183,33,1,2009,,,1483397
184,34,1,2009,,,95073
185,35,1,2009,,,1764297
186,36,1,2009,,,654802
187,37,1,2009,,,582839
188,38,1,2009,,,1785993
189,39,1,2009,,,145118
190,40,1,2009,,,723143
191,41,1,2009,,,123713
192,42,1,2009,,,972549
193,43,1,2009,,,4850210
194,44,1,2009,,,571586
195,45,1,2009,,,91451
196,46,1,2009,,,1245340
197,47,1,2009,,,1035347
198,48,1,2009,,,282662
199,49,1,2009,,,872436
200,50,1,2009,,,88155
201,1,1,2010,,,755552
202,2,1,2010,,,132104
203,3,1,2010,,,1071751
204,4,1,2010,,,482114
205,5,1,2010,,,6289578
206,6,1,2010,,,843316
207,7,1,2010,,,560546
208,8,1,2010,,,129403
209,9,1,2010,,,2643347
210,10,1,2010,,,1677067
211,11,1,2010,,,179601
212,12,1,2010,,,275859
213,13,1,2010,,,2091654
214,14,1,2010,,,1047232
215,15,1,2010,,,495775
216,16,1,2010,,,483701
217,17,1,2010,,,673128
218,18,1,2010,,,696558
219,19,1,2010,,,189077
220,20,1,2010,,,852211
221,21,1,2010,,,955563
222,22,1,2010,,,1587067
223,23,1,2010,,,838037
224,24,1,2010,,,490526
225,25,1,2010,,,918710
226,26,1,2010,,,141693
227,27,1,2010,,,298500
228,28,1,2010,,,437149
229,29,1,2010,,,194711
230,30,1,2010,,,1402548
231,31,1,2010,,,338122
232,32,1,2010,,,2734955
233,33,1,2010,,,1490605
234,34,1,2010,,,96323
235,35,1,2010,,,1754191
236,36,1,2010,,,659911
237,37,1,2010,,,570720
238,38,1,2010,,,1793284
239,39,1,2010,,,143793
240,40,1,2010,,,725838
241,41,1,2010,,,126128
242,42,1,2010,,,987422
243,43,1,2010,,,4935715
244,44,1,2010,,,585552
245,45,1,2010,,,96858
246,46,1,2010,,,1251440
247,47,1,2010,,,1043788
248,48,1,2010,,,282879
249,49,1,2010,,,872286
250,50,1,2010,,,89009
251,1,1,2011,,,744621
252,2,1,2011,,,131167
253,3,1,2011,,,1080319
254,4,1,2011,,,483114
255,5,1,2011,,,6287834
256,6,1,2011,,,854265
257,7,1,2011,,,554437
258,8,1,2011,,,128946
259,9,1,2011,,,2668156
260,10,1,2011,,,1685016
261,11,1,2011,,,182706
262,12,1,2011,,,279873
263,13,1,2011,,,2083097
264,14,1,2011,,,1040765
265,15,1,2011,,,495870
266,16,1,2011,,,486108
267,17,1,2011,,,681987
268,18,1,2011,,,703390
269,19,1,2011,,,188969
270,20,1,2011,,,854086
271,21,1,2011,,,953369
272,22,1,2011,,,1573537
273,23,1,2011,,,839738
274,24,1,2011,,,490619
275,25,1,2011,,,916584
276,26,1,2011,,,142349
277,27,1,2011,,,301296
278,28,1,2011,,,439634
279,29,1,2011,,,191900
280,30,1,2011,,,1356431
281,31,1,2011,,,337225
282,32,1,2011,,,2704718
283,33,1,2011,,,1507864
284,34,1,2011,,,97646
285,35,1,2011,,,1740030
286,36,1,2011,,,666120
287,37,1,2011,,,568208
288,38,1,2011,,,1771395
289,39,1,2011,,,142854
290,40,1,2011,,,727186
291,41,1,2011,,,128016
292,42,1,2011,,,999693
293,43,1,2011,,,5000470
294,44,1,2011,,,598832
295,45,1,2011,,,89908
296,46,1,2011,,,1257883
297,47,1,2011,,,1045453
298,48,1,2011,,,282870
299,49,1,2011,,,871105
300,50,1,2011,,,90099
301,1,1,2012,,,744637
302,2,1,2012,,,131489
303,3,1,2012,,,1089384
304,4,1,2012,,,486157
305,5,1,2012,,,6299451
306,6,1,2012,,,863561
307,7,1,2012,,,550954
308,8,1,2012,,,129026
309,9,1,2012,,,2692162
310,10,1,2012,,,1703332
311,11,1,2012,,,184760
312,12,1,2012,,,284834
313,13,1,2012,,,2072880
314,14,1,2012,,,1041369
315,15,1,2012,,,499825
316,16,1,2012,,,489043
317,17,1,2012,,,685167
318,18,1,2012,,,710903
319,19,1,2012,,,185739
320,20,1,2012,,,859638
321,21,1,2012,,,954773
322,22,1,2012,,,1555370
323,23,1,2012,,,845404
324,24,1,2012,,,493650
325,25,1,2012,,,917900
326,26,1,2012,,,142908
327,27,1,2012,,,303505
328,28,1,2012,,,445707
329,29,1,2012,,,188974
330,30,1,2012,,,1372203
331,31,1,2012,,,338220
332,32,1,2012,,,2710703
333,33,1,2012,,,1518465
334,34,1,2012,,,101111
335,35,1,2012,,,1729916
336,36,1,2012,,,673483
337,37,1,2012,,,587564
338,38,1,2012,,,1763677
339,39,1,2012,,,142481
340,40,1,2012,,,735998
341,41,1,2012,,,130471
342,42,1,2012,,,993496
343,43,1,2012,,,5077659
344,44,1,2012,,,613279
345,45,1,2012,,,89624
346,46,1,2012,,,1265419
347,47,1,2012,,,1051694
348,48,1,2012,,,283044
349,49,1,2012,,,872436
350,50,1,2012,,,91533
351,1,1,2013,,,746204
352,2,1,2013,,,130944
353,3,1,2013,,,1102445
354,4,1,2013,,,489979
355,5,1,2013,,,6312623
356,6,1,2013,,,876999
357,7,1,2013,,,546200
358,8,1,2013,,,131687
359,9,1,2013,,,2720744
360,10,1,2013,,,1723909
361,11,1,2013,,,186825
362,12,1,2013,,,296476
363,13,1,2013,,,2066990
364,14,1,2013,,,1047385
365,15,1,2013,,,502964
366,16,1,2013,,,496440
367,17,1,2013,,,677389
368,18,1,2013,,,711491
369,19,1,2013,,,183995
370,20,1,2013,,,866169
371,21,1,2013,,,955739
372,22,1,2013,,,1548841
373,23,1,2013,,,850973
374,24,1,2013,,,492586
375,25,1,2013,,,918288
376,26,1,2013,,,144129
377,27,1,2013,,,307677
378,28,1,2013,,,451831
379,29,1,2013,,,186310
380,30,1,2013,,,1370295
381,31,1,2013,,,339244
382,32,1,2013,,,2732770
383,33,1,2013,,,1530857
384,34,1,2013,,,103947
385,35,1,2013,,,1724111
386,36,1,2013,,,681848
387,37,1,2013,,,593000
388,38,1,2013,,,1755236
389,39,1,2013,,,142008
390,40,1,2013,,,745657
391,41,1,2013,,,130890
392,42,1,2013,,,993556
393,43,1,2013,,,5153702
394,44,1,2013,,,625461
395,45,1,2013,,,88690
396,46,1,2013,,,1273825
397,47,1,2013,,,1058936
398,48,1,2013,,,280958
399,49,1,2013,,,874414
400,50,1,2013,,,92732
401,1,1,2014,,,744164
402,2,1,2014,,,131176
403,3,1,2014,,,1111695
404,4,1,2014,,,490917
405,5,1,2014,,,6312161
406,6,1,2014,,,889006
407,7,1,2014,,,542678
408,8,1,2014,,,134042
409,9,1,2014,,,2756944
410,10,1,2014,,,1744437
411,11,1,2014,,,182384
412,12,1,2014,,,290885
413,13,1,2014,,,2050239
414,14,1,2014,,,1046269
415,15,1,2014,,,505311
416,16,1,2014,,,497275
417,17,1,2014,,,688640
418,18,1,2014,,,716800
419,19,1,2014,,,182470
420,20,1,2014,,,874514
421,21,1,2014,,,955844
422,22,1,2014,,,1537922
423,23,1,2014,,,857235
424,24,1,2014,,,490917
425,25,1,2014,,,917785
426,26,1,2014,,,144532
427,27,1,2014,,,312635
428,28,1,2014,,,459189
429,29,1,2014,,,184670
430,30,1,2014,,,1400579
431,31,1,2014,,,340365
432,32,1,2014,,,2741185
433,33,1,2014,,,1548895
434,34,1,2014,,,106586
435,35,1,2014,,,1724810
436,36,1,2014,,,688511
437,37,1,2014,,,601318
438,38,1,2014,,,1743160
439,39,1,2014,,,141959
440,40,1,2014,,,756523
441,41,1,2014,,,133040
442,42,1,2014,,,995475
443,43,1,2014,,,5233765
444,44,1,2014,,,635577
445,45,1,2014,,,87311
446,46,1,2014,,,1280381
447,47,1,2014,,,1073638
448,48,1,2014,,,280310
449,49,1,2014,,,871432
450,50,1,2014,,,94067
451,1,1,2015,,,743789
452,2,1,2015,,,132477
453,3,1,2015,,,1109040
454,4,1,2015,,,492132
455,5,1,2015,,,6305347
456,6,1,2015,,,899112
457,7,1,2015,,,537933
458,8,1,2015,,,134847
459,9,1,2015,,,2792234
460,10,1,2015,,,1757237
461,11,1,2015,,,181995
462,12,1,2015,,,292277
463,13,1,2015,,,2041779
464,14,1,2015,,,1046757
465,15,1,2015,,,508014
466,16,1,2015,,,495884
467,17,1,2015,,,686598
468,18,1,2015,,,718711
469,19,1,2015,,,181613
470,20,1,2015,,,879601
471,21,1,2015,,,964026
472,22,1,2015,,,1536231
473,23,1,2015,,,864384
474,24,1,2015,,,487200
475,25,1,2015,,,919234
476,26,1,2015,,,145319
477,27,1,2015,,,316014
478,28,1,2015,,,467527
479,29,1,2015,,,182425
480,30,1,2015,,,1408845
481,31,1,2015,,,335694
482,32,1,2015,,,2711626
483,33,1,2015,,,1544934
484,34,1,2015,,,108644
485,35,1,2015,,,1716585
486,36,1,2015,,,692878
487,37,1,2015,,,608825
488,38,1,2015,,,1717414
489,39,1,2015,,,142014
490,40,1,2015,,,763533
491,41,1,2015,,,134253
492,42,1,2015,,,1001235
493,43,1,2015,,,5301477
494,44,1,2015,,,647870
495,45,1,2015,,,87866
496,46,1,2015,,,1283590
497,47,1,2015,,,1087030
498,48,1,2015,,,277452
499,49,1,2015,,,867800
500,50,1,2015,,,94717
501,1,1,2016,,,744930
502,2,1,2016,,,132737
503,3,1,2016,,,1123137
504,4,1,2016,,,493447
505,5,1,2016,,,6309138
506,6,1,2016,,,905019
507,7,1,2016,,,535118
508,8,1,2016,,,136264
509,9,1,2016,,,2816791
510,10,1,2016,,,1764346
511,11,1,2016,,,181550
512,12,1,2016,,,297200
513,13,1,2016,,,2026718
514,14,1,2016,,,1049547
515,15,1,2016,,,509831
516,16,1,2016,,,494347
517,17,1,2016,,,684017
518,18,1,2016,,,716293
519,19,1,2016,,,180512
520,20,1,2016,,,886221
521,21,1,2016,,,964514
522,22,1,2016,,,1528666
523,23,1,2016,,,875021
524,24,1,2016,,,483150
525,25,1,2016,,,915040
526,26,1,2016,,,146375
527,27,1,2016,,,319194
528,28,1,2016,,,473744
529,29,1,2016,,,180888
530,30,1,2016,,,1410421
531,31,1,2016,,,336263
532,32,1,2016,,,2729776
533,33,1,2016,,,1550062
534,34,1,2016,,,109706
535,35,1,2016,,,1710143
536,36,1,2016,,,693903
537,37,1,2016,,,606277
538,38,1,2016,,,1727497
539,39,1,2016,,,142150
540,40,1,2016,,,771250
541,41,1,2016,,,136302
542,42,1,2016,,,1001562
543,43,1,2016,,,5360849
544,44,1,2016,,,659801
545,45,1,2016,,,88428
546,46,1,2016,,,1287026
547,47,1,2016,,,1101711
548,48,1,2016,,,273855
549,49,1,2016,,,864432
550,50,1,2016,,,94170
551,1,1,2017,,,742444
552,2,1,2017,,,132872
553,3,1,2017,,,1110851
554,4,1,2017,,,496085
555,5,1,2017,,,6304266
556,6,1,2017,,,910280
557,7,1,2017,,,531288
558,8,1,2017,,,136293
559,9,1,2017,,,2832424
560,10,1,2017,,,1768642
561,11,1,2017,,,180837
562,12,1,2017,,,301186
563,13,1,2017,,,2005153
564,14,1,2017,,,1054187
565,15,1,2017,,,511850
566,16,1,2017,,,497088
567,17,1,2017,,,680978
568,18,1,2017,,,715135
569,19,1,2017,,,180473
570,20,1,2017,,,893684
571,21,1,2017,,,964791
572,22,1,2017,,,1516398
573,23,1,2017,,,884944
574,24,1,2017,,,478321
575,25,1,2017,,,915472
576,26,1,2017,,,149474
577,27,1,2017,,,323766
578,28,1,2017,,,485785
579,29,1,2017,,,179433
580,30,1,2017,,,1408102
581,31,1,2017,,,334345
582,32,1,2017,,,2724663
583,33,1,2017,,,1553513
584,34,1,2017,,,111920
585,35,1,2017,,,1704399
586,36,1,2017,,,695092
587,37,1,2017,,,608014
588,38,1,2017,,,1726809
589,39,1,2017,,,142949
590,40,1,2017,,,777507
591,41,1,2017,,,137823
592,42,1,2017,,,1001967
593,43,1,2017,,,5401341
594,44,1,2017,,,668274
595,45,1,2017,,,88028
596,46,1,2017,,,1291462
597,47,1,2017,,,1110367
598,48,1,2017,,,272266
599,49,1,2017,,,860753
600,50,1,2017,,,94258
601,1,1,2018,,,739716
602,2,1,2018,,,130963
603,3,1,2018,,,1141511
604,4,1,2018,,,495291
605,5,1,2018,,,6272734
606,6,1,2018,,,911536
607,7,1,2018,,,526634
608,8,1,2018,,,138405
609,9,1,2018,,,2846444
610,10,1,2018,,,1767202
611,11,1,2018,,,181278
612,12,1,2018,,,310522
613,13,1,2018,,,1982327
614,14,1,2018,,,1055706
615,15,1,2018,,,514833
616,16,1,2018,,,497733
617,17,1,2018,,,677821
618,18,1,2018,,,711783
619,19,1,2018,,,180461
620,20,1,2018,,,896827
621,21,1,2018,,,962297
622,22,1,2018,,,1504194
623,23,1,2018,,,889304
624,24,1,2018,,,471298
625,25,1,2018,,,913441
626,26,1,2018,,,148844
627,27,1,2018,,,326392
628,28,1,2018,,,492640
629,29,1,2018,,,178515
630,30,1,2018,,,1400069
631,31,1,2018,,,333537
632,32,1,2018,,,2700833
633,33,1,2018,,,1552497
634,34,1,2018,,,113845
635,35,1,2018,,,1695762
636,36,1,2018,,,698891
637,37,1,2018,,,609507
638,38,1,2018,,,1730757
639,39,1,2018,,,143436
640,40,1,2018,,,780882
641,41,1,2018,,,138975
642,42,1,2018,,,1007624
643,43,1,2018,,,5433471
644,44,1,2018,,,677031
645,45,1,2018,,,87074
646,46,1,2018,,,1289367
647,47,1,2018,,,1123736
648,48,1,2018,,,267976
649,49,1,2018,,,859333
650,50,1,2018,,,94313
651,1,1,2019,,,733500
652,2,1,2019,,,133500
653,3,1,2019,,,1112600
654,4,1,2019,,,496300
655,5,1,2019,,,6269700
656,6,1,2019,,,915000
657,7,1,2019,,,517900
658,8,1,2019,,,137500
659,9,1,2019,,,2865200
660,10,1,2019,,,1765600
661,11,1,2019,,,180300
662,12,1,2019,,,305900
663,13,1,2019,,,1991600
664,14,1,2019,,,1050400
665,15,1,2019,,,512600
666,16,1,2019,,,493700
667,17,1,2019,,,677000
668,18,1,2019,,,706800
669,19,1,2019,,,178100
670,20,1,2019,,,904800
671,21,1,2019,,,960800
672,22,1,2019,,,1484200
673,23,1,2019,,,897200
674,24,1,2019,,,465500
675,25,1,2019,,,911800
676,26,1,2019,,,151500
677,27,1,2019,,,328300
678,28,1,2019,,,499300
679,29,1,2019,,,176400
680,30,1,2019,,,1396800
681,31,1,2019,,,327200
682,32,1,2019,,,2715500
683,33,1,2019,,,1548600
684,34,1,2019,,,113000
685,35,1,2019,,,1679900
686,36,1,2019,,,698500
687,37,1,2019,,,612600
688,38,1,2019,,,1714700
689,39,1,2019,,,142800
690,40,1,2019,,,783800
691,41,1,2019,,,140500
692,42,1,2019,,,999000
693,43,1,2019,,,5447000
694,44,1,2019,,,681700
695,45,1,2019,,,86500
696,46,1,2019,,,1293900
697,47,1,2019,,,1127800
698,48,1,2019,,,265900
699,49,1,2019,,,852100
700,50,1,2019,,,93400
701,1,1,2020,,,732900
702,2,1,2020,,,134100
703,3,1,2020,,,1113200
704,4,1,2020,,,496600
705,5,1,2020,,,6251900
706,6,1,2020,,,917600
707,7,1,2020,,,511900
708,8,1,2020,,,138000
709,9,1,2020,,,2887200
710,10,1,2020,,,1765900
711,11,1,2020,,,179500
712,12,1,2020,,,308100
713,13,1,2020,,,1984800
714,14,1,2020,,,1050200
715,15,1,2020,,,513800
716,16,1,2020,,,492400
717,17,1,2020,,,676000
718,18,1,2020,,,703900
719,19,1,2020,,,177300
720,20,1,2020,,,908300
721,21,1,2020,,,958400
722,22,1,2020,,,1473200
723,23,1,2020,,,903300
724,24,1,2020,,,460600
725,25,1,2020,,,911700
726,26,1,2020,,,152400
727,27,1,2020,,,330400
728,28,1,2020,,,506200
729,29,1,2020,,,174600
730,30,1,2020,,,1392000
731,31,1,2020,,,323700
732,32,1,2020,,,2710800
733,33,1,2020,,,1550200
734,34,1,2020,,,115100
735,35,1,2020,,,1671100
736,36,1,2020,,,699900
737,37,1,2020,,,616200
738,38,1,2020,,,1713800
739,39,1,2020,,,142100
740,40,1,2020,,,787900
741,41,1,2020,,,142000
742,42,1,2020,,,1000200
743,43,1,2020,,,5468800
744,44,1,2020,,,687800
745,45,1,2020,,,85900
746,46,1,2020,,,1295600
747,47,1,2020,,,1139700
748,48,1,2020,,,262500
749,49,1,2020,,,849500
750,50,1,2020,,,93200
751,1,1,2021,,,733500
752,2,1,2021,,,134600
753,3,1,2021,,,1113400
754,4,1,2021,,,497400
755,5,1,2021,,,6220500
756,6,1,2021,,,918300
757,7,1,2021,,,505600
758,8,1,2021,,,138200
759,9,1,2021,,,2908600
760,10,1,2021,,,1767200
761,11,1,2021,,,178500
762,12,1,2021,,,310300
763,13,1,2021,,,1976800
764,14,1,2021,,,1051100
765,15,1,2021,,,514100
766,16,1,2021,,,490300
767,17,1,2021,,,674800
768,18,1,2021,,,702800
769,19,1,2021,,,176700
770,20,1,2021,,,911000
771,21,1,2021,,,955100
772,22,1,2021,,,1461600
773,23,1,2021,,,907800
774,24,1,2021,,,456400
775,25,1,2021,,,911100
776,26,1,2021,,,153100
777,27,1,2021,,,331900
778,28,1,2021,,,512600
779,29,1,2021,,,173000
780,30,1,2021,,,1385600
781,31,1,2021,,,320100
782,32,1,2021,,,2704500
783,33,1,2021,,,1551800
784,34,1,2021,,,117000
785,35,1,2021,,,1662400
786,36,1,2021,,,700100
787,37,1,2021,,,619000
788,38,1,2021,,,1711000
789,39,1,2021,,,141600
790,40,1,2021,,,792500
791,41,1,2021,,,143200
792,42,1,2021,,,1002300
793,43,1,2021,,,5488000
794,44,1,2021,,,692300
795,45,1,2021,,,85300
796,46,1,2021,,,1297000
797,47,1,2021,,,1150600
798,48,1,2021,,,259600
799,49,1,2021,,,846300
800,50,1,2021,,,92800
801,1,1,2022,,,735200
802,2,1,2022,,,135500
803,3,1,2022,,,1115400
804,4,1,2022,,,499400
805,5,1,2022,,,6200300
806,6,1,2022,,,921800
807,7,1,2022,,,501100
808,8,1,2022,,,138800
809,9,1,2022,,,2935700
810,10,1,2022,,,1770700
811,11,1,2022,,,177400
812,12,1,2022,,,312600
813,13,1,2022,,,1966000
814,14,1,2022,,,1052500
815,15,1,2022,,,516400
816,16,1,2022,,,489200
817,17,1,2022,,,675300
818,18,1,2022,,,702700
819,19,1,2022,,,176100
820,20,1,2022,,,914600
821,21,1,2022,,,953600
822,22,1,2022,,,1452300
823,23,1,2022,,,912200
824,24,1,2022,,,452500
825,25,1,2022,,,912600
826,26,1,2022,,,154100
827,27,1,2022,,,333800
828,28,1,2022,,,519700
829,29,1,2022,,,171600
830,30,1,2022,,,1381300
831,31,1,2022,,,317000
832,32,1,2022,,,2704400
833,33,1,2022,,,1563200
834,34,1,2022,,,119000
835,35,1,2022,,,1657200
836,36,1,2022,,,702500
837,37,1,2022,,,623000
838,38,1,2022,,,1709800
839,39,1,2022,,,141200
840,40,1,2022,,,797700
841,41,1,2022,,,144500
842,42,1,2022,,,1006800
843,43,1,2022,,,5517300
844,44,1,2022,,,697700
845,45,1,2022,,,85000
846,46,1,2022,,,1299900
847,47,1,2022,,,1163700
848,48,1,2022,,,257400
849,49,1,2022,,,844700
850,50,1,2022,,,92700
851,1,1,2029,,,743900
852,2,1,2029,,,138100
853,3,1,2029,,,1139300
854,4,1,2029,,,510900
855,5,1,2029,,,6112700
856,6,1,2029,,,951100
857,7,1,2029,,,478000
858,8,1,2029,,,138800
859,9,1,2029,,,3109900
860,10,1,2029,,,1785300
861,11,1,2029,,,168600
862,12,1,2029,,,326200
863,13,1,2029,,,1872000
864,14,1,2029,,,1065700
865,15,1,2029,,,521800
866,16,1,2029,,,478900
867,17,1,2029,,,683100
868,18,1,2029,,,700900
869,19,1,2029,,,174500
870,20,1,2029,,,910500
871,21,1,2029,,,945400
872,22,1,2029,,,1421500
873,23,1,2029,,,929300
874,24,1,2029,,,427100
875,25,1,2029,,,918100
876,26,1,2029,,,159500
877,27,1,2029,,,345700
878,28,1,2029,,,554000
879,29,1,2029,,,166100
880,30,1,2029,,,1353100
881,31,1,2029,,,294200
882,32,1,2029,,,2661500
883,33,1,2029,,,1598400
884,34,1,2029,,,130300
885,35,1,2029,,,1631400
886,36,1,2029,,,709900
887,37,1,2029,,,637100
888,38,1,2029,,,1704500
889,39,1,2029,,,139900
890,40,1,2029,,,812500
891,41,1,2029,,,149800
892,42,1,2029,,,1043600
893,43,1,2029,,,5674500
894,44,1,2029,,,736700
895,45,1,2029,,,82000
896,46,1,2029,,,1323800
897,47,1,2029,,,1234000
898,48,1,2029,,,246200
899,49,1,2029,,,836200
900,50,1,2029,,,91500
